6
15
23
26
44
62
67
70
72
73
123
124
125
126
127
131
135
136
143
145
149
154
157
165
166
167
168
178
211
213
214
215
223
243
244
246
247
249
250
266
276
280
282
285
296
312
315
330
346
353
356
357
360
361
375
380
394
397
404
408
414
420
421
426
434
444
453
459
462
468
474
476
478
499
500
502
503
506
508
510
530
537
538
558
562
563
570
577
594
598
619
635
639
643
656
666
673
674
686
688
696
698
701
716
720
722
727
734
736
737
741
742
751
760
762
769
777
784
786
791
812
818
823
830
832
857
862
867
868
873
875
876
881
904
908
909
912
925
960
970
984
986
1005
1007
1008
1014
1015
1019
1027
1030
1034
1040
1058
1065
1096
1105
1106
1112
1147
1149
1154
1155
1162
1167
1171
1197
1210
1212
1217
1237
1253
1254
1273
1279
1285
1287
1290
1300
1314
1337
1343
1350
1377
1379
1380
1386
1395
1405
1409
1410
1416
1422
1425
1427
1439
1440
1448
1450
1453
1464
1473
1474
1476
1481
1489
1490
1492
1494
1496
1499
1500
1506
1507
1512
1520
1523
1524
1525
1529
1577
1580
1581
1582
1585
1588
1591
1595
1611
1622
1631
1632
1638
1646
1648
1653
1657
1663
1664
1666
1670
1671
1672
1677
1693
1695
1704
1707
1726
1739
1745
1753
1761
1767
1777
1787
1788
1790
1791
1792
1811
1829
1842
1844
1855
1860
1863
1865
1866
1875
1877
1881
1884
1890
1896
1898
1900
1906
1912
1919
1926
1943
1944
1948
1957
1965
1966
1981
1982
1995
2002
2007
2014
2015
2020
2027
2029
2037
2046
2051
2057
2059
2062
2064
2065
2066
2067
2068
2070
2077
2102
2108
2117
2122
2127
2130
2136
2162
2170
2175
2179
2187
2190
2198
2215
2216
2225
2227
2241
2243
2248
2252
2255
2277
2280
2282
2284
2286
2289
2293
2295
2299
2304
2321
2326
2327
2339
2340
2344
2345
2348
2356
2358
2364
2370
2371
2372
2377
2378
2379
2380
2382
2385
2387
2390
2392
2393
2398
2405
2407
2412
2417
2419
2431
2432
2434
2457
2459
2462
2465
2466
2470
2473
2478
2486
2488
2490
2498
2499
2502
2503
2504
2508
2509
2514
2516
2518
2525
2528
2529
2531
2532
2533
2549
2558
2564
2567
2570
2571
2572
2573
2596
2600
2608
2623
2632
2633
2634
2636
2638
2642
2647
2654
2655
2660
2662
2677
2679
2687
2691
2692
2696
2703
2705
2711
2712
2713
2722
2729
2743
2744
2745
2755
2758
2763
2767
2773
2774
2776
2779
2788
2791
2794
2795
2800
2802
2811
2812
2815
2817
2820
2821
2828
2829
2830
2834
2845
2848
2852
2867
2868
2869
2871
2873
2874
2875
2879
2884
2887
2893
2913
2914
2921
2928
2942
2949
2957
2959
2961
2971
2972
2975
2976
2977
2978
2979
2983
2984
2986
2987
2996
3002
3006
3008
3019
3021
3025
3026
3032
3038
3042
3063
3064
3067
3072
3073
3075
3077
3082
3084
3087
3104
3107
3116
3119
3120
3123
3126
3127
3128
3134
3135
3144
3146
3148
3151
3153
3156
3158
3164
3172
3176
3180
3182
3186
3187
3190
3196
3197
3200
3202
3215
3216
3217
3218
3224
3227
3237
3240
3241
3250
3252
3257
3263
3267
3284
3298
3318
3328
3334
3348
3355
3369
3376
3379
3380
3381
3383
3384
3395
3420
3423
3439
3455
3462
3486
3487
3488
3492
3504
3506
3519
3529
3542
3548
3558
3560
3584
3594
3595
3613
3618
3628
3643
3646
3649
3653
3670
3677
3680
3686
3698
3711
3718
3729
3742
3747
3754
3764
3773
3818
3828
3837
3858
3869
3877
3890
3891
3898
3907
3921
3927
3929
3931
3932
3934
3940
3949
3957
3959
3961
3968
3972
3976
3980
3982
3996
4012
4017
4018
4029
4039
4042
4043
4046
4067
4074
4075
4078
4085
4090
4091
4106
4112
4114
4118
4119
4126
4128
4132
4133
4138
4162
4172
4183
4184
4191
4194
4200
4205
4215
4216
4219
4224
4232
4240
4241
4242
4244
4263
4264
4265
4267
4269
4276
4277
4284
4295
4298
4301
4304
4320
4328
4330
4334
4335
4336
4355
4359
4369
4372
4377
4379
4390
4395
4398
4414
4441
4445
4475
4486
4487
4505
4509
4511
4516
4524
4528
4531
4541
4562
4568
4578
4585
4586
4592
4595
4611
4612
4613
4615
4621
4637
4638
4642
4648
4652
4654
4662
4664
4668
4679
4683
4684
4700
4709
4712
4728
4730
4745
4786
4789
4795
4799
4811
4823
4826
4860
4879
4896
4898
4899
4902
4904
4913
4916
4918
4951
4966
4968
4979
4981
4985
4995
5007
5009
5030
5057
5076
5080
5085
5091
5092
5093
5112
5115
5127
5130
5131
5133
5147
5151
5152
5156
5173
5180
5191
5202
5203
5204
5206
5209
5221
5222
5224
5226
5230
5231
5233
5243
5247
5248
5270
5271
5272
5275
5284
5305
5319
5321
5325
5331
5332
5341
5342
5345
5348
5349
5350
5352
5367
5372
5381
5408
5411
5415
5416
5427
5448
5461
5462
5463
5465
5469
5473
5483
5485
5490
5499
5515
5517
5523
5524
5528
5534
5538
5544
5545
5548
5551
5553
5555
5558
5562
5563
5583
5584
5600
5606
5662
5666
5680
5689
5690
5696
5702
5703
5720
5721
5732
5759
5769
5790
5793
5798
5803
5805
5811
5815
5816
5843
5856
5874
5897
5899
5906
5907
5914
5937
5938
5941
5943
5952
5958
5971
5972
5988
6014
6018
6022
6028
6029
6043
6055
6060
6066
6083
6104
6118
6119
6124
6130
6139
6152
6161
6162
6170
6192
6195
6200
6214
6219
6226
6239
6255
6278
6281
6290
6296
6314
6315
6318
6343
6345
6356
6358
6360
6378
6395
6403
6410
6411
6412
6413
6416
6439
6447
6460
6467
6481
6482
6484
6486
6496
6500
6542
6549
6555
6575
6589
6590
6607
6608
6609
6611
6614
6630
6634
6636
6646
6647
6649
6668
6669
6701
6706
6720
6730
6732
6750
6751
6761
6765
6768
6775
6777
6796
6799
6806
6814
6819
6825
6853
6866
6868
6870
6871
6884
6885
6912
6913
6915
6944
6959
6960
6961
6974
6976
6981
7000
7003
7010
7019
7023
7028
7033
7036
7048
7051
7066
7087
7106
7110
7112
7114
7115
7116
7118
7121
7123
7133
7150
7153
7163
7164
7168
7172
7178
7188
7193
7205
7206
7210
7211
7214
7215
7217
7232
7237
7245
7249
7261
7273
7274
7281
7285
7289
7292
7294
7304
7313
7319
7331
7336
7337
7345
7351
7359
7360
7365
7366
7370
7373
7377
7380
7388
7389
7396
7399
7400
7401
7408
7413
7428
7437
7452
7453
7463
7493
7495
7507
7514
7521
7545
7547
7564
7579
7590
7600
7604
7606
7648
7656
7660
7704
7739
7751
7795
7880
7884
7887
7894
7901
7923
7926
7967
7979
7982
8075
8390
8526
8540
8589
8625
8665
8671
8681
8682
8702
8708
8713
8714
8716
8720
8767
8770
8777
8795
8813
8822
8851
8859
8861
8867
8889
8898
8901
8924
8927
8930
8932
8939
8955
8971
8984
8985
8989
8994
8995
8996
9001
9040
9046
9047
9058
9065
9066
9085
9090
9097
9100
9101
9106
9113
9127
9132
9133
9144
9145
9153
9192
9199
9206
9236
9238
9240
9241
9250
9251
9253
9255
9272
9292
9301
9303
9314
9316
9331
9339
9340
9349
9362
9367
9405
9413
9419
9442
9444
9448
9457
9481
9482
9501
9503
9504
9532
9539
9540
9575
9576
9580
9604
9606
9610
9630
9641
9667
9672
9673
9679
9704
9710
9718
9719
9721
9722
9723
9725
9732
9735
9744
9777
9778
9782
9786
9791
9801
9802
9803
9807
9808
9814
9816
9828
9832
9842
9850
9853
9861
9867
9874
9885
9895
9919
9926
9933
9942
9948
9976
9984
9988
10064
11030
11063
11733
12889
12930
12948
12953
12954
12955
12963
12964
12969
12980
12982
12986
12996
13002
13015
13019
13020
13042
13044
13051
13055
13060
13079
13087
13102
13113
13117
13132
13162
13183
13187
13190
13193
13202
13203
13205
13206
13233
13247
13256
13260
13262
13264
13282
13285
13297
13306
13311
13314
13315
13317
13325
13330
13335
13344
13346
13353
13356
13358
13361
13363
13366
13384
13385
13392
13393
13395
13400
13425
13436
13456
13465
13473
13477
13487
13502
13518
13547
13550
13564
13568
13571
13575
13580
13587
13593
13594
13602
13604
13610
13625
13626
13633
13642
13651
13655
13676
13681
13687
13691
13700
13706
13713
13719
13733
13742
13756
13769
13770
13774
13775
13776
13786
13789
13796
13808
13813
13824
13829
13833
13842
13881
13885
13894
13898
13907
13908
13948
13951
13956
13967
13971
13977
13978
13988
13994
14012
14015
14033
14035
14039
14041
14045
14046
14047
14049
14050
14052
14061
14063
14073
14082
14086
14096
14097
14098
14101
14106
14107
14114
14115
14121
14161
14180
14188
14198
14200
14225
14257
14290
14330
14340
14342
14343
14353
14355
14359
14361
14391
14393
14405
14410
14411
14413
14422
14440
14441
14443
14454
14472
14497
14502
14505
14508
14509
14517
14518
14526
14527
14532
14544
14554
14557
14568
14587
14595
14603
14604
14605
14612
14626
14628
14644
14645
14650
14651
14658
14669
14670
14674
14677
14680
14684
14696
14713
14728
14732
14733
14734
14743
14754
14756
14763
14793
14800
14803
14809
14812
14822
14824
14826
14847
14848
14855
14862
14864
14867
14871
14873
14879
14884
14903
14908
14911
14917
14934
14937
14940
14954
14976
14984
14985
14986
15005
15016
15017
15019
15024
15043
15050
15051
15057
15058
15070
15079
15086
15088
15102
15110
15114
15119
15122
15124
15127
15140
15143
15159
15165
15167
15170
15171
15180
15185
15186
15190
15221
15235
15236
15258
15259
15288
15292
15297
15299
15341
15365
15378
15396
15404
15450
15458
15484
15504
15527
15528
15536
15575
15577
15578
15612
15640
15643
15668
15699
15710
15712
15714
15737
15764
15776
15778
15787
15794
15807
15809
15813
15823
15838
15856
15868
15869
15872
15889
15892
15895
15912
15930
15939
15954
15956
15957
15958
15963
15965
15966
15981
16018
16022
16023
16039
16042
16043
16050
16052
16061
16068
16070
16073
16095
16099
16101
16123
16126
16155
16156
16157
16161
16163
16165
16170
16172
16173
16184
16197
16206
16211
16218
16219
16224
16225
16226
16257
16261
16274
16278
16280
16282
16295
16297
16302
16313
16317
16320
16321
16326
16330
16333
16334
16340
16341
16357
16376
16383
16394
16399
16401
16417
16419
16421
16425
16428
16430
16435
16438
16439
16448
16459
16498
16504
16534
16539
16542
16546
16572
16574
16580
16593
16594
16599
16609
16613
16634
16654
16661
16668
16669
16671
16677
16679
16696
16720
16721
16742
16752
16760
16762
16766
16784
16785
16793
16812
16816
16821
16831
16838
16843
16847
16887
16893
16930
16955
16968
16970
16979
16982
16986
16988
16994
17006
17053
17064
17067
17074
17077
17089
17095
17106
17107
17112
17121
17130
17135
17153
17180
17181
17189
17196
17209
17222
17224
17226
17231
17248
17256
17265
17266
17270
17278
17280
17281
17297
17298
17315
17326
17343
17352
17360
17386
17389
17390
17391
17403
17405
17407
17408
17413
17416
17419
17420
17421
17424
17425
17426
17436
17437
17466
17467
17470
17471
17483
17509
17512
17513
17514
17517
17521
17544
17546
17547
17559
17561
17567
17575
17586
17588
17589
17590
17604
17613
17614
17615
17617
17645
17649
17655
17660
17662
17663
17667
17671
17673
17675
17678
17682
17683
17690
17694
17696
17712
17714
17721
17732
17741
17746
17752
17759
17760
17762
17772
17776
17781
17790
17799
17809
17812
17813
17814
17820
17831
17835
17842
17843
17845
17849
17851
17854
17858
17866
17872
17879
17894
17900
17904
17911
17930
17932
17933
17934
17936
17941
17946
17949
17957
17981
17989
17996
18005
18015
18017
18028
18037
18039
18043
18049
18050
18058
18063
18066
18086
18102
18106
18111
18118
18121
18132
18133
18141
18146
18149
18171
18187
18206
18209
18236
18258
18264
18267
18272
18282
18290
18294
18321
18327
18333
18337
18357
18376
18384
18386
18402
18405
18407
18435
18458
18465
18467
18469
18501
18514
18520
18535
18538
18543
18548
18556
18558
18559
18590
18604
18605
18618
18634
18646
18647
18663
18664
18669
18677
18679
18681
18684
18688
18726
18737
18739
18763
18787
18833
18848
18867
18879
18886
18887
18935
18946
18949
18959
18963
18964
18967
18972
18987
18999
19022
19026
19031
19041
19054
19063
19090
19095
19096
19114
19124
19140
19146
19150
19154
19155
19156
19172
19188
19230
19247
19257
19265
19268
19270
19273
19277
19278
19281
19290
19301
19304
19305
19306
19308
19321
19323
19335
19353
19360
19378
19391
19396
19399
19422
19423
19424
19433
19436
19438
19440
19462
19463
19464
19481
19484
19495
19497
19503
19506
19517
19522
19536
19538
19539
19540
19546
19551
19555
19558
19560
19561
19562
19564
19569
19570
19625
19631
19633
19645
19652
19654
19659
19678
19691
19695
19711
19726
19728
19733
19736
19737
19767
19794
19795
19796
19803
19824
19825
19831
19834
19837
19838
19840
19846
19861
19878
19882
19884
19885
19886
19889
19896
19903
19915
19933
19944
19983
19984
19985
19988
19990
19998
20004
20005
20006
20010
20011
20013
20014
20024
20025
20026
20030
20038
20039
20060
20067
20071
20078
20079
20102
20103
20118
20122
20134
20139
20145
20174
20189
20191
20192
20194
20203
20204
20205
20221
20225
20238
20241
20256
20265
20267
20281
20284
20287
20289
20298
20323
20329
20336
20337
20338
20380
20381
20382
20390
20392
20393
20433
20436
20437
20442
20446
20453
20456
20468
20472
20479
20480
20492
20496
20506
20512
20520
20528
20530
20531
20541
20563
20564
20576
20590
20606
20616
20621
20637
20642
20647
20654
20657
20671
20676
20693
20719
20731
20743
20744
20746
20752
20757
20763
20771
20779
20809
20819
20867
20870
20873
20911
20917
20921
20927
20928
20930
20941
20949
20951
20960
20963
20969
20970
20980
20984
20990
21000
21002
21010
21011
21014
21018
21022
21037
21049
21054
